LINE 0.000000 0.000000 1.000000 0.000000
LINE 1.000000 0.000000 1.000000 1.000000
LINE 1.000000 1.000000 0.000000 1.000000
LINE 0.000000 1.000000 0.000000 0.000000
LINE 0.100000 0.000000 1.000000 0.100000
LINE 1.000000 0.100000 0.900000 1.000000
LINE 0.900000 1.000000 0.000000 0.900000
LINE 0.000000 0.900000 0.100000 0.000000
LINE 0.200000 0.000000 1.000000 0.200000
LINE 1.000000 0.200000 0.800000 1.000000
LINE 0.800000 1.000000 0.000000 0.800000
LINE 0.000000 0.800000 0.200000 0.000000
LINE 0.300000 0.000000 1.000000 0.300000
LINE 1.000000 0.300000 0.700000 1.000000
LINE 0.700000 1.000000 0.000000 0.700000
LINE 0.000000 0.700000 0.300000 0.000000
LINE 0.400000 0.000000 1.000000 0.400000
LINE 1.000000 0.400000 0.600000 1.000000
LINE 0.600000 1.000000 0.000000 0.600000
LINE 0.000000 0.600000 0.400000 0.000000
LINE 0.500000 0.000000 1.000000 0.500000
LINE 1.000000 0.500000 0.500000 1.000000
LINE 0.500000 1.000000 0.000000 0.500000
LINE 0.000000 0.500000 0.500000 0.000000
LINE 0.600000 0.000000 1.000000 0.600000
LINE 1.000000 0.600000 0.400000 1.000000
LINE 0.400000 1.000000 0.000000 0.400000
LINE 0.000000 0.400000 0.600000 0.000000
LINE 0.700000 0.000000 1.000000 0.700000
LINE 1.000000 0.700000 0.300000 1.000000
LINE 0.300000 1.000000 0.000000 0.300000
LINE 0.000000 0.300000 0.700000 0.000000
LINE 0.800000 0.000000 1.000000 0.800000
LINE 1.000000 0.800000 0.200000 1.000000
LINE 0.200000 1.000000 0.000000 0.200000
LINE 0.000000 0.200000 0.800000 0.000000
LINE 0.900000 0.000000 1.000000 0.900000
LINE 1.000000 0.900000 0.100000 1.000000
LINE 0.100000 1.000000 0.000000 0.100000
LINE 0.000000 0.100000 0.900000 0.000000
LINE 1.000000 0.000000 1.000000 1.000000
LINE 1.000000 1.000000 0.000000 1.000000
LINE 0.000000 1.000000 0.000000 0.000000
LINE 0.000000 0.000000 1.000000 0.000000
PEN #BBBBBB
FILL #BBBBBB
ELLIPSE 0.170000 0.170000 0.830000 0.830000
PEN #888888
FILL #888888
ELLIPSE 0.180000 0.180000 0.820000 0.820000
PEN #444444
FILL #444444
ELLIPSE 0.190000 0.190000 0.810000 0.810000
PEN #000000
FILL #000000
ELLIPSE 0.200000 0.200000 0.800000 0.800000
FILL #FFFF00
ELLIPSE 0.250000 0.250000 0.750000 0.750000
FILL #000000
ELLIPSE 0.300000 0.250000 0.800000 0.750000
