FILL #FFFF00
POLYGON 0.510000 0.080000 0.650000 0.310000 0.950000 0.290000 0.780000 0.520000 0.950000 0.740000 0.650000 0.720000 0.510000 0.950000 0.370000 0.720000 0.070000 0.730000 0.250000 0.520000 0.070000 0.290000 0.380000 0.310000
FILL #000000
RECTANGLE 0.202100 0.070866 0.338583 0.199475
FILL #FF0000
RECTANGLE 0.677165 0.047244 0.887139 0.238845
FILL #FF0000
RECTANGLE 0.091864 0.795276 0.724409 0.958005
PEN #0076E4
RECTANGLE 0.070866 0.186352 0.548556 0.690289
POLYGON 0.711286 0.477690 0.947507 0.482940 0.976378 0.160105 0.461942 0.060367 0.624672 0.619423
